8575
28022
13658
29318
29676
7849
17556
1953
27260
7832
2600
5630
5212
19277
2382
31743
24125
1859
24800
18986
3927
21091
20599
17348
6062
28465
6354
19873
5012
26696
15223
16186
10351
2564
23964
18944
7868
9342
21063
27376
23892
10685
4021
6760
10734
31786
5113
11833
21222
325
31973
8701
9789
19607
22317
14763
23008
30439
26826
12904
18733
30129
31389
30112
11187
1748
25941
598
10553
1163
26002
184
28418
13726
31562
13303
10832
28122
22637
15957
3111
4798
8900
27520
14931
22647
3359
29982
20909
19215
2991
30121
23961
30689
10161
32125
26835
19280
13900
32303
2924
30392
30397
33
6671
29349
23473
22099
23177
28995
1010
17532
24968
21782
9798
19290
32163
32747
29845
3910
21403
3599
14921
3339
4065
20926
14842
4344
20824
8926
3659
9268
12635
22254
4623
25682
3330
30009
5041
31013
29601
31567
22482
7382
24210
17845
12083
27187
5685
28892
9174
25930
26676
18000
352
29239
4876
2610
15554
11834
2761
15592
32536
24333
31504
9491
22481
27764
10851
13761
23057
6165
8865
9445
10579
26506
17100
17924
14675
29877
7695
32048
17707
6227
19456
24122
16828
8916
3618
19492
20303
5995
28334
11477
28284
7521
15507
1296
31820
7086
2235
4263
14746
13002
2192
10988
25023
2241
447
7017
5230
7046
9019
6865
5852
3465
28550
9270
12324
8331
7212
26235
9451
21169
2704
27149
5695
20952
15850
16078
18373
14633
29329
18002
4372
19693
14966
28238
32348
10402
17137
28493
25675
4942
10177
25509
27441
28179
30542
19114
21858
28932
19504
19489
1244
10807
8181
20472
1065
29467
15135
15924
5767
20492
26221
31530
4935
28197
16732
29682
4211
13142
25068
20249
8371
5302
8615
5526
10353
10010
15328
26623
3644
7654
8505
5117
19050
11299
9320
7678
6658
31698
25658
4905
22745
12160
5847
14231
18170
8731
6729
25792
15691
22788
28216
11315
5486
23653
31479
4747
18662
27077
18885
30366
2939
13530
4684
30967
25823
10910
16750
30599
3473
27301
23873
29079
4866
27309
27224
26625
1783
30839
13893
3488
15918
3541
11099
23557
25156
11013
4537
24683
23254
11069
24964
21741
20967
18311
2675
23031
22401
15311
21649
25595
26783
16954
15934
12645
23883
22714
31607
23760
516
1248
31320
24442
24674
2545
4319
6133
31485
17723
14323
10528
138
9385
30629
17750
14919
27542
26805
14821
14746
14815
28504
20162
2292
2364
4920
20091
25596
5328
6333
19052
15082
24318
16267
28470
1328
18815
19020
32109
10080
29617
13231
14993
28746
21298
13488
28224
29028
15022
27
16297
13936
17141
22347
1860
8280
19025
23608
26817
26461
32278
17585
18750
2160
8826
21221
30140
8672
3239
14120
3540
822
783
16116
1702
29790
30720
29998
23059
30727
21112
6059
13868
3403
14650
1523
16617
13459
5153
3397
17439
15285
14261
13787
21932
5472
28412
30062
20468
16314
22419
27389
11922
32327
17404
1995
9031
27405
6202
18855
30518
8950
21659
27247
3156
4469
17110
10455
4890
8044
31061
3687
18557
18766
10452
22211
20511
24705
26667
23599
32455
31750
29288
11602
10511
23643
2849
